0,69,89,9,44,86,74,2,69,70
69,0,19,61,89,21,13,71,49,86
89,19,0,80,106,14,19,91,57,98
9,61,80,0,51,78,67,12,65,72
44,89,106,51,0,98,88,42,60,35
86,21,14,78,98,0,11,87,45,86
74,13,19,67,88,11,0,76,39,79
2,71,91,12,42,87,76,0,69,69
69,49,57,65,60,45,39,69,0,42
70,86,98,72,35,86,79,69,42,0
